----
65.34540229885057
66.5
60.91747572815534
62.21060606060606
60.031278538812785
60.14626556016597
55.61541501976285
65.81645569620252
68.49638554216867
59.139655172413796
60.92191011235955
59.458823529411774
61.47902097902098
60.79630350194553
63.98191489361702
62.3978102189781
58.80524344569289
62.741497975708505
63.981914893617024
60.38850574712643
66.09150943396227
62.92857142857143
63.19874835309618
67.16666666666667
62.55882352941177
59.50263157894737
66.43850574712644
65.5
65.21060606060605
61.77659574468085
62.61008403361345
61.1267217630854
62.38409669211196
58.72139303482587
63.47802197802198
64.07349726775956
61.43355481727575
71.42028985507247
65.3478102189781
53.87802197802198
58.80524344569289
67.2510729613734
59.891496598639456
67.3795988934993
60.03127853881278
62.685353535353535
55.62593783494104
62.25952380952381
65.03972431077695
66.62222222222223
67.2510729613734
65.39626556016597
60.24457900807381
61.189655172413794
68.80188679245283
67.7008733624454
60.30076335877863
69.40697674418604
68.34540229885057
55.810649819494586
64.17469135802469
62.560256410256414
61.70581395348837
61.30438247011953
60.887499999999996
61.61602316602316
63.14150943396226
58.72139303482587
58.55555555555556
64.69341736694678
62.26124567474048
58.72027027027028
68.14135802469136
56.40022296544036
66.57971887550201
57.16666666666667
61.091509433962266
64.69341736694678
70.34615384615384
69.53738317757009
66.0127450980392
57.76190476190476
58.116873706004135
63.01274509803922
59.95537634408602
63.87357723577236
59.499356499356495
67.74149797570851
60.63422818791946
57.95952380952381
66.29285714285714
64.30952380952381
61.30151515151515
65.60460251046025
60.38850574712643
62.741497975708505
60.347810218978104
58.88972431077694
63.84630350194553
62.35438247011952
59.22017543859649
62.1248427672956
55.20125786163523
57.67027027027028
66.10538057742781
60.921910112359555
64.22246376811594
59.06855670103093
59.25
58.18684210526316
66.47402597402598
65.59022140221403
61.75706214689266
65.21541501976284
52.14999999999999
63.57971887550201
62.19338842975206
55.60992907801419
57.460093896713616
62.77659574468085
64.66602316602317
61.69149797570851
61.26124567474048
71.32948717948719
61.87139303482587
61.62355473554736
64.53695652173913
68.45
63.292857142857144
69.99867256637168
66.01274509803922
57.400000000000006
65.56901408450705
57.31235431235431
66.43850574712643
60.032733812949644
60.42802197802198
57.47222222222222
64.2010729613734
60.83805970149254
63.400763358778626
58.45
58.63816604708798
62.80483271375465
54.41932907348243
63.88805970149254
54.23474676089517
62.26124567474048
68.6914979757085
63.80483271375465
56.75537634408602
67.7008733624454
65.59638554216866
60.923497267759565
60.59022140221403
59.483333333333334
64.14150943396226
62.33333333333333
61.705555555555556
63.19874835309618
57.670270270270265
58.233333333333334
59.355923344947726
64.2767217630854
69.42402597402598
64.30952380952381
71.42702702702704
61.61602316602317
65.29338842975207
64.14398315282793
65.60460251046025
63.75581395348837
67.64932126696831
59.11064981949458
57.400000000000006
60.75483271375464
58.45
50.591588785046724
52.94911504424779
63.755813953488364
62.29702154626109
61.47902097902098
53.88354037267081
59.139130434782615
67.9748427672956
59.87191011235956
66.00639097744362
60.268181818181816
63.12213114754098
64.90706214689266
68.98191489361702
57.53422818791947
60.00537634408602
62.25952380952381
62.1248427672956
62.31818181818181
61.97941176470589
57.316023166023164
63.19874835309618
60.42802197802198
68.34626556016597
60.18913043478261
62.62676056338028
59.87191011235956
61.97435897435897
63.48850574712644
59.29781021897811
65.98979591836735
68.4573593073593
58.311355311355314
60.268181818181816
60.83564650059312
63.22727272727273
60.31666666666666
51.1471671388102
64.48333333333332
57.93051948051948
62.7414979757085
61.59354838709678
62.54215686274509
59.54022140221403
59.50263157894737
54.60483870967741
66.7008733624454
61.62676056338028
66.77483130904184
66.87357723577236
65.34540229885057
62.920833333333334
62.92857142857143
57.239256678281066
58.05438247011952
60.04338842975207
59.29781021897811
65.59638554216868
63.16064981949458
65.7914979757085
59.54022140221403
60.24457900807381
66.01274509803922
59.147021546261094
55.051980198019805
56.95189003436427
66.81645569620252
59.42902097902098
61.4
59.91747572815534
61.92857142857143
58.526760563380286
59.01274509803922
59.8875
59.8875
59.8875
59.8875
59.8875
59.8875
59.8875
59.8875
59.8875
59.8875
59.8875
59.8875
59.8875
59.8875
59.8875
59.8875
59.8875
59.8875
59.8875
59.8875
65.02941176470588
56.30263157894737
65.7008733624454
63.57971887550201
56.07017543859649
61.387715803452856
62.5602564102564
58.161245674740485
57.239256678281066
54.951890034364254
66.77483130904183
67.4
57.182448377581125
67.91505139500734
69.4
60.04150943396227
58.98273381294965
65.34540229885057
56.538059701492536
68.67963683527886
56.02183908045977
61.87139303482587
61.78816604708797
61.62355473554736
66.09016393442623
61.143983152827914
54.40562248995984
60.720415400202626
63.14150943396226
63.31368821292776
64.12204724409449
62.47802197802198
57.602020202020206
64.7914979757085
59.62222222222223
59.75360360360361
64.42402597402597
58.47355473554735
60.56602316602317
64.87139303482587
62.70141342756184
67.07349726775956
62.16541501976285
59.86274509803922
61.623554735547344
56.67231638418079
59.23409669211196
67.35438247011953
58.3921568627451
59.822316384180795
61.7020202020202
60.59022140221403
64.12204724409449
53.16756152125279
60.75992907801418
64.12204724409449
65.7391472868217
59.87191011235956
60.50882352941177
59.06855670103093
63.3978102189781
59.72659574468085
63.57971887550201
66.8157894736842
59.35088300220751
52.83531353135314
58.45
68.14135802469136
62.88805970149254
55.68817204301075
63.01274509803922
58.45
63.558823529411754
62.45
64.57676056338028
60.75992907801418
65.30952380952381
66.09016393442622
60.18913043478261
58.0896551724138
68.88979591836735
61.35076335877862
61.52692307692307
61.79630350194553
63.346265560165975
61.85231316725978
62.47183908045977
58.6875
63.67688172043011
63.22727272727273
65.47183908045977
64.3795988934993
59.308777429467085
66.19874835309618
63.774831309041836
62.97191011235955
61.79630350194553
60.347810218978104
61.52692307692308
60.347810218978104
58.78898305084746
64.21541501976284
66.19135802469135
63.10538057742782
64.7914979757085
58.779411764705884
54.730519480519476
62.47183908045977
56.95189003436427
62.76505139500735
62.97191011235955
63.292857142857144
61.400000000000006
59.21124567474048
62.3978102189781
62.33333333333333
60.838983050847446
61.006390977443615
65.7914979757085
63.9375
56.290221402214016
59.955380577427825
59.027307274701414
61.955243445692886
66.03191489361703
62.55882352941177
64.60460251046025
63.00537634408602
58.88972431077694
58.057843137254906
58.233333333333334
58.379020979020986
53.79457900807381
62.6493564993565
62.70141342756184
59.961149032992026
60.30076335877863
53.6391304347826
67.03191489361703
63.554602510460256
58.37902097902098
60.91747572815534
59.95537634408602
59.35592334494774
59.502631578947366
58.23114355231144
54.08481262327416
70.71578947368421
61.47802197802198
54.92213114754098
61.955243445692886
66.58695652173913
65.1248427672956
63.6768817204301
60.74630350194553
53.03333333333333
55.38095238095238
57.02298850574713
60.04397394136809
57.602020202020206
63.14135802469136
57.947945205479456
64.48333333333333
62.4
55.44161358811041
62.82963683527886
58.779411764705884
62.92857142857143
59.87191011235956
56.45141342756184
63.98979591836735
55.94117647058824
61.543417366946784
61.64978902953587
63.48850574712644
64.31368821292776
63.9375
59.72659574468085
53.441496598639446
58.449999999999996
58.3921568627451
62.6493564993565
67.04867256637168
62.77659574468085
62.38409669211196
69.19338842975208
59.95537634408602
60.300763358778624
56.96368821292776
59.378021978021984
63.14135802469136
62.31818181818181
64.57692307692308
53.01792452830189
60.42971887550201
64.3795988934993
58.67659574468085
58.858163265306125
62.560256410256414
62.354382470119525
55.88913043478261
63.722222222222214
57.91606714628298
62.118556701030926
63.75581395348837
53.02676056338027
66.43850574712644
61.69149797570851
61.26124567474048
63.01274509803922
56.15592334494774
57.31235431235431
51.66687370600413
64.40076335877862
62.6493564993565
59.651413427561835
59.685353535353535
65.57028985507246
57.66515151515151
62.72222222222222
61.006390977443615
62.5602564102564
59.80231316725979
59.42744479495268
58.23114355231144
54.69398315282791
51.195454545454545
58.23114355231144
52.96688815060907
65.19135802469135
62.741497975708505
56.40022296544036
62.07204724409449
58.161245674740485
61.97781569965869
64.2767217630854
62.21060606060606
58.233333333333334
61.61602316602317
62.38409669211196
59.458823529411774
54.79130434782609
63.31666666666666
58.311355311355314
62.891496598639456
55.79794520547946
58.0896551724138
55.68817204301075
58.67659574468085
63.57971887550201
58.72659574468085
58.72659574468085
58.72659574468085
58.72659574468085
58.72659574468085
58.72659574468085
58.72659574468085
58.72659574468085
58.72659574468085
58.72659574468085
58.72659574468085
58.72659574468085
58.72659574468085
58.72659574468085
58.72659574468085
58.72659574468085
58.72659574468085
58.72659574468085
58.72659574468085
58.72659574468085
65.36206896551725
59.4993564993565
51.195454545454545
55.260778128286006
53.442604501607704
60.911904761904765
66.29338842975207
61.222463768115944
64.06606714628298
57.312354312354316
64.69354838709677
52.641304347826086
59.87191011235956
64.65087336244541
59.57676056338028
59.29781021897811
57.400000000000006
59.28333333333333
57.25877742946709
56.9891304347826
56.95189003436427
63.75581395348837
58.15151515151514
63.660084033613444
56.387341772151906
60.49999999999999
62.920833333333334
58.55555555555556
64.12204724409449
56.6036036036036
61.92857142857143
54.01754966887417
52.2222891566265
68.30882352941177
60.18913043478261
60.17298850574713
59.30877742946708
60.672222222222224
57.87781569965871
64.14150943396226
56.67231638418079
58.90537634408602
56.01124567474048
60.59022140221403
63.722222222222214
61.79630350194553
59.50263157894737
59.28333333333333
63.55882352941177
54.48898305084745
62.193388429752076
57.99398315282792
54.66747572815534
60.65581395348837
55.79794520547945
59.21818181818182
57.97727272727273
61.09150943396227
59.955380577427825
61.63181818181819
61.30151515151515
56.881278538812786
53.65189003436426
62.739147286821705
59.57676056338028
56.706390977443604
66.29285714285714
68.76645569620254
60.031278538812785
58.90537634408602
63.57692307692308
58.63816604708798
60.921910112359555
64.40438247011951
60.333333333333336
55.18355481727575
59.23409669211196
58.67659574468085
58.601413427561845
67.59354838709677
58.30592334494774
59.147021546261094
57.99397394136808
64.02941176470588
61.43793584379358
61.7391472868217
61.62676056338028
57.02298850574713
62.21060606060606
56.01124567474048
55.117549668874176
51.58333333333333
61.796303501945516
52.78354037267081
58.997945205479446
56.74149659863946
58.526760563380286
64.75581395348837
59.87857142857143
61.61602316602317
59.685353535353535
56.37222222222222
55.20263157894736
65.64935649935649
56.045307917888564
68.76645569620254
57.072131147540986
53.94158878504673
61.705555555555556
61.17727272727273
60.24457900807381
63.23913043478261
54.98684210526315
57.8063909774436
61.006390977443615
57.80816326530613
64.21541501976284
55.42139303482587
