190
190
190
190
190
190
190
190
190
190
190
190
190
190
190
190
190
190
190
190
204
204
204
204
204
204
204
204
204
204
204
204
204
204
204
204
204
204
204
204
169
169
169
169
169
169
169
169
169
169
169
169
169
169
169
169
169
169
169
169
227
227
227
227
227
227
227
227
227
227
227
227
227
227
227
227
227
227
227
227
232
240
309
264
259
232
240
309
264
259
254
273
239
273
315
296
243
257
246
265
225
265
221
221
221
221
221
221
221
221
221
221
221
221
221
221
221
221
221
221
221
221
232
240
309
264
244
261
253
237
249
239
274
232
240
309
264
293
265
276
304
232
240
309
264
292
297
280
290
226
282
312
293
285
268
228
245
256
292
299
264
250
250
263
214
232
240
309
264
293
297
232
240
309
264
259
254
232
240
309
264
292
251
251
263
233
232
240
309
264
244
261
253
237
249
286
232
240
309
264
242
250
232
240
309
264
259
254
232
240
309
264
266
270
231
256
257
258
263
271
239
247
263
295
242
283
279
316
245
247
251
265
264
242
240
268
285
280
289
262
252
295
240
239
262
303
286
251
254
244
232
240
309
264
265
244
277
233
288
292
268
280
232
240
309
264
244
261
253
237
249
230
283
251
255
283
291
307
301
241
299
251
269
292
292
304
256
232
264
315
211
286
224
251
276
271
261
259
275
253
271
223
277
292
230
264
291
259
272
258
290
269
283
272
272
264
295
253
266
255
271
324
264
277
339
284
222
276
234
245
276
246
227
268
243
243
249
301
246
247
269
286
235
262
263
294
276
258
238
283
274
261
261
302
229
224
245
263
271
285
273
253
268
270
302
223
265
232
234
281
283
260
248
286
303
288
340
277
302
273
254
253
239
262
255
226
245
272
281
319
274
248
256
272
288
294
267
302
258
262
270
256
219
270
279
243
297
264
248
258
279
278
307
305
273
291
276
262
283
244
256
251
224
266
248
280
251
243
299
244
271
278
247
269
315
262
248
273
236
259
273
284
273
248
261
221
265
259
242
300
285
273
299
280
277
272
271
257
266
250
300
267
292
291
232
240
309
264
266
259
293
255
275
246
246
228
308
226
286
243
277
281
264
248
243
242
246
286
234
236
237
273
249
319
228
288
241
238
244
255
287
272
259
247
300
278
313
242
270
300
232
240
309
264
244
261
253
237
249
282
244
236
246
265
248
275
241
242
285
285
258
279
260
246
265
273
240
262
243
252
263
280
263
254
251
296
258
247
274
269
292
255
314
281
274
271
278
237
231
293
262
286
290
254
283
265
316
314
254
251
228
257
270
261
275
297
260
280
260
256
233
288
271
258
283
287
278
259
271
239
290
294
299
264
241
253
266
236
259
257
282
267
248
301
271
284
291
261
275
273
264
245
257
261
269
267
296
262
229
261
259
277
287
263
325
279
238
282
241
276
258
303
280
257
267
282
266
267
266
275
291
276
289
264
248
274
312
261
260
261
285
253
250
259
267
248
293
273
266
337
283
301
257
291
259
289
276
264
290
260
297
255
282
306
261
262
293
272
289
251
270
288
291
237
263
243
285
264
300
273
237
279
274
289
325
260
263
294
331
286
284
241
268
306
251
290
278
311
260
323
328
273
308
254
272
261
267
279
282
273
285
312
331
253
247
277
276
280
249
247
269
256
282
242
272
296
290
269
297
273
290
294
292
295
288
255
287
250
268
295
300
294
265
253
239
238
252
263
289
257
0
0
0
0
0
0
0
0
0
0
0
0
0
0
0
0
0
0
0
0
308
285
273
295
307
319
278
324
301
286
301
279
248
245
279
286
304
289
277
286
240
327
304
301
265
232
240
309
264
292
241
253
237
249
290
267
272
286
257
235
274
267
247
235
261
265
280
253
225
272
285
261
250
264
282
238
242
262
268
273
244
301
230
274
273
267
233
294
241
292
297
311
252
266
270
233
241
289
290
212
229
262
215
232
277
243
260
258
251
256
259
265
268
270
238
289
296
243
299
249
288
265
238
208
214
255
280
322
255
279
246
259
247
298
252
252
252
275
239
261
247
274
266
257
251
304
265
318
296
254
267
276
291
250
304
231
271
236
253
300
249
242
282
284
282
259
247
289
208
268
271
230
240
252
226
255
300
213
286
261
278
273
270
233
268
262
300
269
269
313
268
283
289
247
269
279
229
249
244
271
300
265
288
270
253
296
288
287
242
231
252
222
259
242
277
239
258
221
277
300
269
300
321
339
258
263
286
322
276
265
267
266
275
305
236
235
298
279
252
265
275
255
259
253
273
241
276
284
267
234
261
274
245
231
273
275
281
264
288
353
240
308
247
248
272
271
285
310
229
284
247
246
232
256
280
287
251
242
274
249
277
247
271
289
255
263
303
291
237
286
250
309
280
284
255
256
256
256
256
256
256
256
256
256
256
256
256
256
256
256
256
256
256
256
256
255
285
229
249
304
251
260
289
287
291
247
250
339
227
240
265
278
232
268
257
261
268
269
271
244
277
332
329
265
263
254
273
297
247
270
296
231
271
259
268
283
244
253
255
271
295
262
251
272
295
297
271
254
298
282
254
258
267
272
291
274
282
249
228
302
303
300
243
268
310
255
300
272
250
284
282
252
244
276
290
245
262
260
257
241
281
261
256
248
264
261
241
319
253
247
267
257
274
260
274
295
253
243
254
247
255
308
261
291
227
267
252
250
289
274
288
295
266
247
256
271
254
307
267
235
272
239
279
266
306
288
286
289
259
283
293
262
276
235
239
286
309
279
287
285
274
338
228
273
305
267
230
265
248
257
300
315
290
307
297
243
292
240
240
314
257
255
280
267
283
245
306
238
237
261
263
256
282
294
300
272
259
226
282
262
242
279
262
263
273
243
275
260
318
249
241
282
294
260
251
276
270
278
291
258
284
261
247
289
255
287
286
322
262
259
283
297
230
330
270
266
260
281
317
274
277
352
274
301
243
247
299
254
289
293
242
264
288
259
262
272
345
288
273
294
292
290
310
282
249
282
282
282
282
282
282
282
282
282
282
282
282
282
282
282
282
282
282
282
282
232
259
352
317
311
280
242
276
278
286
248
345
267
229
284
274
300
288
319
276
291
258
275
238
316
300
256
270
254
296
280
302
332
272
276
290
319
270
293
265
295
279
289
271
270
257
285
288
272
295
242
277
309
258
292
275
264
265
254
330
275
292
291
258
284
266
252
237
292
279
260
269
267
251
250
301
262
282
283
248
287
263
307
255
239
258
284
290
264
289
302
288
257
322
292
294
284
258
280
259
297
270
285
259
341
237
305
321
270
264
289
276
304
266
266
294
253
268
